; cherry    apple   aronia   dandelion   clover  boletus  chanterelle  fly-agaric oak
(                       ; oak
( -2 -1  0  1  1  1  1  1  0  1  1  1  1  1  1 )     
( -1 -2  0  0  1  1  1  1  0  1  1  1  1  1  1 )
(  0 -1 -2  0  1  1  1  1  0  1  1  1  1  1  1 )
(  1  0 -1 -2  0  1  1  1  0  1  1  1  1  1  1 )
(  1  1  0 -1  0  1  1  1  0  1  1  1  1  1  1 )
(  1  1  1  1  1  0  0  0  0  0  0  0  0  0  0 )
(  1  1  1  1  1  0  0  0  0  0  0  0  0  0  0 )
(  1  1  1  1  1  0  0  0  0  0  0  0  0  0  0 )

; oak
(  1  1  1  1  1  0  0  0  0  0  0  0  0  0  0 )

(  1  1  1  1  1  0  0  0  0  0  0  0  0  0  0 )
(  1  1  1  1  1  0  0  0  0  0  0  0  0  0  0 )
(  1  1  1  1  1  0  0  0  0  0  0  0  0  0  0 )
(  1  1  1  1  1  0  0  0  0  0  0  0  0  0  0 )
(  1  1  1  1  1  0  0  0  0  0  0  0  0  0  0 )
(  1  1  1  1  1  0  0  0  0  0  0  0  0  0  0 )
)
